4 2 0.8
A 15 24 6
B 13 20 4
C 10 18 10
D 13 30 6
E 15 24 6
F 30 24 6
G 13 35 4
H 10 18 10
I 13 835 6
J 15 24 6
K 255 121 6
L 40 55 466
M 256 100 10
N 459 513 6
O 15 24 6
P 15 67 6
Q 13 188 4
R 10 18 10
S 13 24 6
T 123 1040 10
U 15 24 6
V 13 20 4
W 10 72 10
X 13 24 6
Y 48 242 6
Z 15 24 6
AA 13 46 4
AB 10 15 10
AC 13 35 6
AD 1115 24 6
AE 13 34 4
AF 10 15 10
AG 13 44 6
AH 235 63 6
AI 13 240 4
AJ 10 15 10
AK 13 2114 6
AL 11 64 6
AM 13 2440 4
AN 10 15 10
AO 13 2114 6
AP 61 24 6
AQ 13 2440 4
AR 10 15 10
AS 13 634 6
AT 52 24 6
AU 1322 2440 4
AV 10 15 10
AW 13 2114 6
AX 1115 24 6
AY 13 2440 4
AZ 10 15 10
BA 13 634 6
BB 1115 24 6
BC 13 634 6
BD 1263 634 6
BE 724 634 6
BF 1333 634 6
BG 13 6 6
BH 623 94 6
BI 677 134 6
BJ 13 634 6
BK 652 688 6
BL 5523 63444 6
BM 132 634 6
